-2 2 5477
2 -2 4792
-2 -2 3508
-3 -2 2452
2 2 2291
2 3 2211
-2 -3 2133
3 2 1946
3 -3 1790
-3 3 1666
-1 -2 1656
2 1 1112
1 -1 1101
-2 -1 1008
-1 1 888
-2 -5 854
-2 5 816
5 2 748
2 -5 694
1 2 676
4 -2 676
5 -2 657
-5 2 638
7 -2 636
-5 3 610
-4 2 596
-2 4 573
2 -4 568
5 -3 548
2 5 538
-5 -2 531
2 -7 528
-3 5 506
3 -1 433
-1 -4 351
-2 7 348
-7 2 347
1 -3 344
9 -2 312
-5 5 308
-4 -3 303
5 -5 295
3 -5 292
3 4 290
-3 2 278
-2 -7 261
3 -2 229
2 7 226
-3 7 224
-2 3 221
-7 7 220
2 -3 219
4 3 214
2 -9 206
8 -1 202
5 -1 200
-7 3 197
-3 -4 192
-7 5 187
-2 9 178
-9 2 171
4 1 166
7 -7 163
3 -7 161
-4 4 153
-3 -5 152
7 2 145
3 5 145
-3 1 143
4 -4 141
7 -3 139
1 4 135
-1 3 135
-2 12 129
-8 3 129
-5 7 127
-7 4 126
-4 -1 120
3 -8 120
-7 -2 110
5 3 101
12 -2 96
8 -3 94
3 7 94
5 -7 93
-3 8 91
12 -3 91
-5 1 91
4 -7 90
1 -8 89
10 -3 85
7 -4 79
-7 9 79
-8 5 78
7 3 77
-12 2 75
5 4 72
-1 -7 71
-3 -7 67
-4 -5 64
4 5 64
-4 7 63
-5 8 63
-5 -3 62
-8 8 61
-3 10 61
-2 -8 56
5 5 55
7 1 55
1 -5 54
-1 5 54
7 5 54
3 -10 54
-5 9 51
3 9 51
3 -12 51
-7 12 51
-7 -3 50
7 -5 50
-4 5 49
10 2 48
2 -10 48
8 2 47
12 -5 47
-7 8 47
-3 12 45
4 2 45
10 -1 45
2 8 43
-9 -3 43
9 3 43
-5 -7 41
7 -1 40
-10 3 39
1 7 38
-7 -1 38
-9 7 37
-2 -4 36
-2 14 36
14 -2 36
5 -12 35
-4 9 35
12 2 34
-8 -2 33
-2 -12 33
-12 12 33
-9 9 32
2 -12 32
1 -7 30
-2 10 30
1 5 29
-7 10 29
10 -2 29
2 10 28
4 -9 28
12 -1 28
-5 10 26
-1 -9 25
12 -12 25
-10 10 25
9 1 25
8 -8 24
2 4 24
2 12 24
3 3 24
9 -4 23
-5 -4 23
-12 7 23
5 -4 23
-12 3 23
-1 8 23
-5 -1 23
-9 4 22
-8 1 21
5 -8 21
-7 -5 21
-12 5 21
5 7 20
7 -9 20
1 -6 20
-5 12 19
9 2 19
-3 -12 19
3 1 18
-2 8 18
-3 -9 17
4 8 17
5 -9 17
-1 -5 17
-10 2 17
-10 8 17
-6 1 17
-4 -2 16
-8 7 16
-5 4 16
10 -5 16
1 9 15
-2 -10 15
-10 -2 15
-5 -5 15
11 -2 14
6 1 14
5 -10 14
1 3 14
-12 15 14
9 -9 13
6 -2 13
2 -11 13
-4 -8 13
1 6 13
1 1 13
5 1 13
-12 -3 13
-1 7 12
10 -10 12
-10 7 12
-9 10 11
4 -5 11
0 2 11
19 -2 11
7 -12 11
-7 16 10
1 -4 10
-11 11 10
-14 2 10
-9 5 10
-4 12 10
-2 -9 10
8 4 10
9 -7 9
-2 6 9
15 -1 9
-9 12 9
-10 12 9
16 -2 9
9 5 9
-1 -3 9
-12 19 9
-3 4 8
-6 -2 8
-12 10 8
-1 -11 8
6 2 8
-4 3 7
-1 2 7
2 -1 7
-2 1 7
-11 4 7
-17 2 7
3 12 7
-8 2 7
12 -4 7
2 14 7
-9 -1 7
-12 4 6
-4 10 6
-12 1 6
-10 1 6
-1 10 6
4 7 6
8 -7 6
-1 6 6
12 -8 6
-2 16 6
5 12 6
-3 -3 6
-10 5 6
16 3 6
-10 9 6
12 3 6
-4 6 6
-12 16 6
16 -12 6
15 -2 6
7 -8 5
11 1 5
-1 12 5
12 1 5
14 -5 5
9 -5 5
1 -2 5
-3 -1 5
6 3 5
-9 3 5
7 8 5
8 -5 5
5 9 5
3 -9 4
-3 -6 4
14 2 4
9 -3 4
10 -8 4
-17 5 4
-6 3 4
2 -14 4
-7 15 4
15 -3 4
-7 1 4
-12 -4 4
-12 9 4
12 -7 4
-8 10 4
-7 6 4
2 -17 4
-17 8 4
2 -8 4
15 -12 4
-4 11 4
0 -3 3
-5 17 3
17 -3 3
-1 4 3
0 -2 3
1 11 3
-11 2 3
4 -1 3
-2 -17 3
2 15 3
-3 -14 3
0 3 3
6 -9 3
-15 5 3
-1 -6 3
1 -10 3
-11 -1 3
0 -5 3
3 -17 3
-3 9 3
-4 -7 3
-8 13 3
13 2 3
-10 4 3
4 6 3
6 -1 3
-4 -12 3
-9 6 2
3 -14 2
-14 4 2
-6 4 2
16 -4 2
7 7 2
-2 -6 2
-17 7 2
3 -6 2
7 9 2
-2 13 2
13 -3 2
-6 -1 2
-7 14 2
4 -3 2
3 6 2
4 -18 2
-18 1 2
-7 19 2
-4 16 2
3 11 2
11 3 2
-15 12 2
2 13 2
13 -1 2
7 -10 2
5 10 2
-15 7 2
-12 -2 2
4 4 2
4 -6 2
6 -3 2
-2 11 2
14 3 2
-7 -4 2
4 -11 2
8 1 2
3 10 1
10 -9 1
-4 8 1
9 -8 1
0 4 1
6 -4 1
-2 15 1
-2 -11 1
-3 11 1
11 -11 1
1 12 1
-8 -5 1
-4 1 1
16 -9 1
5 -17 1
-13 2 1
3 -15 1
-15 3 1
0 5 1
-6 -9 1
12 7 1
9 7 1
-6 5 1
-18 2 1
-17 3 1
0 7 1
1 -15 1
-13 6 1
7 -15 1
-3 -11 1
-11 6 1
-12 8 1
1 -12 1
-12 -5 1
-4 14 1
-17 9 1
-1 -1 1
-16 7 1
-9 -5 1
2 -13 1
-13 9 1
-10 -1 1
7 -14 1
-3 14 1
0 -12 1
-5 -12 1
4 -12 1
