2 2 11757
1 1 8711
1 2 4883
2 1 4235
2 4 2426
4 2 2186
3 1 1586
1 3 1435
4 4 1351
2 3 1262
3 2 1260
2 6 1014
6 2 903
4 1 890
1 4 818
2 8 578
0 1 559
6 1 486
8 2 472
3 3 457
1 6 444
1 0 436
2 7 418
2 5 408
5 1 396
7 2 379
1 5 375
5 2 332
1 7 329
7 1 324
3 4 309
4 3 279
12 2 253
2 12 236
8 1 236
0 2 228
2 0 218
9 1 212
10 2 211
1 8 209
1 9 208
6 4 190
2 10 189
2 9 183
4 6 157
2 16 154
9 2 151
0 0 141
8 4 136
2 14 135
14 2 130
4 8 129
2 11 126
6 3 122
10 1 120
11 2 120
2 15 112
1 10 112
2 13 108
13 1 108
13 2 100
16 1 97
7 3 94
8 3 94
4 5 92
12 1 92
1 14 87
4 12 86
1 12 85
5 4 85
16 2 80
14 1 80
3 6 75
1 13 72
4 16 69
15 2 69
15 1 68
3 8 67
7 4 63
8 6 63
11 1 62
1 16 58
4 7 56
0 3 55
5 0 55
6 6 54
3 5 53
2 18 53
4 10 52
12 4 50
4 11 48
0 4 48
5 3 46
16 3 46
1 11 45
4 13 45
2 17 44
3 7 44
8 8 43
8 0 39
4 14 39
18 2 39
3 0 38
4 15 36
6 0 35
1 15 34
11 4 32
17 2 31
3 10 30
4 24 30
4 18 30
4 9 30
10 4 29
7 0 29
1 17 27
4 0 26
16 4 26
22 2 26
12 3 26
9 3 26
3 14 26
19 2 26
3 11 25
18 4 25
14 3 25
23 2 24
6 8 24
17 1 24
15 3 22
7 6 21
9 0 21
14 4 21
6 7 20
10 3 19
2 23 19
20 2 19
3 16 19
1 22 18
24 2 18
18 1 18
3 9 18
2 27 18
11 3 17
4 17 17
3 13 17
27 2 17
2 32 17
0 7 16
2 20 16
9 4 15
5 12 15
6 5 15
3 12 14
2 24 14
15 4 14
4 22 14
22 1 14
17 3 13
24 4 13
13 3 13
17 4 13
4 20 13
13 4 13
8 5 13
5 6 12
3 17 12
2 19 12
6 13 12
0 8 11
16 8 11
3 22 11
16 6 11
4 30 11
1 19 11
13 6 10
10 6 10
8 7 10
10 8 10
1 18 10
3 18 10
14 0 10
4 27 10
12 0 10
2 22 9
14 6 9
9 6 9
9 8 9
3 15 9
4 23 9
12 7 9
5 8 9
2 28 9
7 7 9
6 16 9
30 2 8
11 5 8
0 6 8
6 10 8
13 0 8
15 0 8
0 5 8
5 13 8
27 1 8
28 1 8
16 0 7
1 30 7
3 31 7
32 2 7
2 30 7
4 32 7
32 1 7
7 8 7
18 7 7
24 1 7
15 6 7
2 25 7
6 12 7
30 1 6
21 2 6
5 7 6
0 9 6
2 26 6
12 8 6
23 4 6
17 10 6
1 32 6
10 0 6
1 27 6
20 3 6
22 4 6
19 1 6
16 12 6
18 8 6
7 5 6
0 12 6
31 2 5
29 2 5
2 31 5
2 21 5
13 7 5
30 3 5
15 8 5
6 14 5
4 26 5
20 1 5
32 0 5
25 2 5
24 3 5
2 34 5
27 3 5
22 3 4
11 7 4
23 3 4
3 24 4
11 8 4
31 3 4
14 10 4
27 4 4
1 23 4
6 15 4
32 3 4
8 15 4
20 4 4
6 11 4
6 19 4
5 16 4
8 14 4
5 5 4
16 16 3
3 21 3
2 29 3
3 32 3
26 3 3
3 29 3
5 29 3
29 1 3
18 3 3
8 20 3
24 8 3
5 15 3
23 1 3
17 15 3
14 7 3
8 49 3
49 2 3
26 2 3
7 16 3
0 15 3
0 17 3
4 19 3
0 10 3
4 28 3
28 2 3
13 5 3
3 27 3
8 23 3
6 30 3
8 13 3
13 15 3
14 15 3
0 11 3
2 36 2
6 9 2
0 13 2
16 13 2
30 4 2
26 1 2
1 40 2
0 14 2
16 7 2
14 8 2
5 23 2
11 0 2
17 0 2
8 16 2
12 24 2
4 44 2
30 8 2
2 33 2
33 1 2
32 4 2
1 28 2
5 18 2
1 33 2
33 3 2
14 5 2
8 32 2
0 16 2
1 29 2
3 19 2
3 23 2
12 6 2
34 1 2
6 20 2
19 4 2
31 4 2
5 24 2
18 14 2
6 18 2
34 4 2
13 10 2
15 10 2
30 24 2
17 7 2
20 8 2
8 9 2
10 5 2
15 15 1
32 5 1
11 17 1
40 2 1
40 4 1
12 12 1
10 12 1
1 26 1
29 3 1
24 12 1
1 64 1
4 25 1
15 12 1
28 3 1
2 47 1
1 20 1
5 19 1
23 0 1
24 0 1
4 36 1
36 0 1
1 24 1
4 38 1
2 39 1
6 33 1
33 4 1
8 24 1
16 19 1
26 12 1
26 4 1
4 31 1
8 18 1
16 10 1
8 17 1
17 8 1
25 4 1
25 1 1
1 21 1
21 4 1
21 3 1
4 29 1
14 17 1
31 1 1
30 23 1
7 31 1
10 14 1
3 20 1
29 12 1
5 30 1
8 29 1
9 11 1
6 25 1
6 23 1
5 17 1
3 30 1
34 3 1
9 10 1
32 12 1
