2 -2 410
-2 -2 404
-2 2 362
2 2 284
-2 -3 246
-3 -2 229
-1 -2 206
2 3 183
3 2 181
-2 -1 167
-3 3 161
3 -3 151
2 1 140
1 2 125
4 -2 93
2 -4 88
-4 2 87
-1 1 82
5 2 76
1 -1 74
-3 -4 71
4 3 68
-2 5 67
-2 4 64
5 -3 59
-5 5 57
-3 5 57
5 -2 56
-5 2 54
3 -5 52
-2 7 50
2 5 49
2 -5 47
-2 -5 44
3 -1 40
2 -3 36
-3 1 36
-5 -2 35
7 -2 34
-7 2 34
7 -3 31
-4 4 31
9 -2 30
5 -1 29
-2 3 28
3 5 28
3 -7 28
-7 4 28
1 4 27
3 -2 27
1 -3 25
-2 -7 25
-5 3 24
7 2 23
5 4 23
-1 3 23
-3 2 22
-1 -4 22
5 -5 21
2 -7 20
-5 -3 20
4 1 19
7 -7 18
-2 9 18
-4 7 18
-7 5 16
-4 -1 15
-3 8 14
-4 -5 14
8 -1 12
5 3 12
-4 5 12
-4 -3 11
-5 -7 11
-9 2 11
-2 12 11
5 -7 11
-7 7 10
12 -5 10
3 4 10
-5 9 9
4 -7 9
9 -4 9
-7 3 9
-5 7 8
9 -9 8
4 -4 8
1 -5 8
1 -8 7
10 -3 7
10 -1 7
-8 1 7
7 5 6
1 -10 6
-2 8 6
8 -3 6
-7 10 6
0 2 6
-7 -3 6
-1 -7 5
-3 10 5
9 3 5
1 9 5
0 4 5
-5 -4 5
12 -3 5
-7 9 5
-12 3 5
-3 7 4
-7 8 4
-9 9 4
-8 3 4
-3 -5 4
-12 2 4
2 9 4
-1 -9 4
9 -3 4
8 -5 4
9 1 4
-12 4 4
-12 5 4
3 3 4
-4 9 4
5 -10 4
-10 2 4
-1 -1 4
3 -10 4
-10 3 4
5 -12 4
-5 -5 3
-2 10 3
14 -2 3
2 -9 3
-6 1 3
-4 12 3
-3 -3 3
0 -5 3
-8 -2 3
-3 -9 3
-9 5 3
4 5 3
12 -12 3
3 -12 3
-10 4 3
-10 9 3
4 -9 3
3 9 3
8 -8 3
-7 -2 3
10 -10 3
-8 8 2
-2 14 2
3 -8 2
7 3 2
1 -6 2
12 -1 2
2 -14 2
-14 2 2
8 2 2
8 -2 2
-1 5 2
3 7 2
-2 -8 2
12 -2 2
4 -5 2
2 -12 2
-3 9 2
-1 7 2
5 5 2
5 -8 2
2 4 2
-1 2 2
-4 -7 2
-7 -1 2
-15 3 2
-12 10 2
2 7 2
-7 -5 2
5 12 2
-1 8 1
-10 7 1
3 -6 1
0 5 1
2 -10 1
-10 -4 1
1 7 1
7 -4 1
-5 12 1
5 -4 1
12 2 1
-2 -10 1
-10 10 1
19 2 1
-9 7 1
3 6 1
6 -2 1
0 3 1
2 14 1
4 -12 1
2 10 1
-24 3 1
-2 -12 1
4 8 1
3 -15 1
-12 7 1
-8 7 1
-9 12 1
-10 12 1
2 8 1
-9 -3 1
7 -14 1
-14 3 1
-12 12 1
-1 10 1
10 3 1
-10 -5 1
-7 12 1
12 3 1
-2 -15 1
