2 2 2036
1 1 510
2 4 443
4 2 432
4 4 400
1 2 256
2 1 241
2 3 114
2 7 93
3 2 88
7 2 75
7 4 71
6 2 68
2 8 65
8 2 63
5 2 60
2 5 58
4 1 55
1 4 54
4 7 52
3 1 44
2 6 42
4 10 32
10 2 32
4 8 26
3 3 24
5 4 23
10 4 23
2 10 23
4 5 22
2 0 21
4 6 21
1 3 21
4 3 20
7 7 19
0 2 19
3 4 17
0 1 16
1 7 15
2 14 13
8 6 13
6 4 13
2 16 13
3 0 12
1 0 12
2 12 11
8 4 10
16 2 10
4 14 9
14 2 9
8 8 7
5 1 7
1 6 7
0 8 6
12 4 5
7 5 5
10 7 5
12 2 5
1 8 5
14 4 4
4 0 4
8 10 4
3 6 4
6 1 4
4 12 4
7 3 4
8 3 4
1 10 4
4 24 3
5 3 3
2 13 3
8 1 3
16 4 3
8 5 3
0 4 2
14 5 2
24 7 2
2 24 2
24 2 2
1 5 2
5 5 2
1 11 2
11 1 2
12 1 2
0 10 2
6 6 2
14 1 2
13 8 2
1 16 2
24 10 1
7 8 1
4 16 1
4 13 1
13 15 1
15 8 1
8 12 1
4 15 1
6 3 1
3 5 1
0 3 1
13 2 1
2 15 1
15 2 1
0 0 1
7 1 1
12 8 1
2 17 1
17 2 1
16 1 1
